[cover2.jpg]
filters=radblur=1,0.463065,0.550980,0.345029,-1.000000;
moddate=560b34c7d0a8d401
width=979
height=551
textactive=0
